 1.5000000e+000  5.0000000e-001  3.2500000e+001  3.5000000e+000 
 2.5000000e+000  8.5000000e+000  2.5500000e+001  1.5000000e+000 
 4.5000000e+000  1.5000000e+000  3.1500000e+001  5.0000000e-001 
 5.0000000e-001  1.5000000e+000  3.5500000e+001  5.0000000e-001 
 3.5000000e+000  5.0000000e-001  3.3500000e+001  5.0000000e-001 
 4.5000000e+000  1.3500000e+001  7.5000000e+000  1.2500000e+001 
 1.5000000e+000  2.5000000e+000  3.0500000e+001  3.5000000e+000 
 2.5000000e+000  5.0000000e-001  3.4500000e+001  5.0000000e-001 
 2.5000000e+000  5.5000000e+000  2.8500000e+001  1.5000000e+000 
 1.5000000e+000  2.5000000e+000  3.3500000e+001  5.0000000e-001 


